-427
-171
-120
-293
-85
-122
-387
-173
-494
-188
-125
-50
-359
-350
-141
-31
-230
-423
-353
-234
-187
-369
-187
-290
-364
-45
-328
-149
-393
-87
-321
-91
8
-287
-481
-343
-282
-90
-258
-14
-193
-340
-84
-114
-268
-388
-396
-88
-122
-241
-33
-158
-22
-479
-21
-326
-32
-220
-172
-342
6
-162
-32
-47
-452
-255
-313
-6
-277
-301
-493
-237
-248
-473
-17
-423
-373
-190
-321
-358
-442
-36
-208
-308
-428
-239
7
-264
-289
-274
-22
-400
-249
-202
-400
-291
4
7
-150
-95
-20
-462
-221
-164
-254
-74
-290
-395
-479
-269
-177
-104
-24
-46
-172
-133
-342
-8
-103
-213
-86
-409
-116
2
-59
-52
-191
-296
6
-19
-285
-255
-279
-297
-278
-321
-312
-419
8
-325
-23
-343
-158
6
-78
-23
-17
-190
-427
-430
-434
6
-382
-414
-344
-479
-350
-410
-130
-430
-459
-331
-218
-235
-208
-313
-178
-407
-13
-345
-291
-233
-56
-182
-306
-500
-227
4
-15
-113
-10
-453
-399
-235
-391
-326
-12
-332
-244
-360
-228
-43
-266
-249
-297
-342
-42
-489
-56
-472
-51
9
-46
-167
-92
-454
-358
-210
-461
-35
-139
-380
-112
-428
-24
-349
-376
-318
-125
-419
-476
-397
-100
-129
-399
-379
-479
-440
-413
-186
-94
-259
-226
-129
-317
-387
-255
-160
-211
-427
-101
-181
-336
-40
-190
-62
-201
-237
-350
-278
2
-496
-481
-141
-278
-91
-428
-411
-159
-400
-331
-66
-267
-212
-207
-289
-108
-351
-105
-449
-149
-76
-460
-150
-462
-335
-87
-270
-336
-234
-118
-396
-495
-219
-395
-55
-330
-465
-55
-75
-167
-393
-50
-412
-144
-425
-3
-137
-37
-320
-194
-491
-132
-31
-465
-75
-184
-354
-19
-101
-108
-94
-411
-304
-409
-74
-198
-193
-467
-333
-251
-178
-132
-217
-398
-177
-418
-43
-208
-123
-53
-133
-382
-212
-174
-496
-285
-2
-192
-347
-479
-177
-44
-198
-157
-306
-314
-278
-370
-498
-442
-71
-128
-496
-296
-104
-86
-29
-423
-266
-196
-491
-352
-42
-208
-128
-238
-22
-89
-434
-17
-458
-63
-427
-182
-191
-115
-23
-89
-291
-130
-305
-456
-172
-145
-330
-38
-19
-230
-382
-179
-164
-223
-227
-294
-393
-312
-401
-433
-479
-8
-315
-320
-263
-6
-262
-410
-133
-434
-291
-435
-193
-17
-494
-95
-321
-153
-315
-379
-55
-241
-36
-404
-241
-350
-311
-382
-94
-400
-255
-225
-481
-401
-210
-314
-417
-332
-302
-346
-1
-113
-268
-304
-141
-210
-2
-373
-439
-367
-129
-168
-100
-5
-199
-68
-144
-254
-398
-29
-491
-349
-115
-455
-334
-304
-357
-120
-464
-410
-354
-4
-350
-2
-339
-6
-485
-220
-441
-342
-458
-190
-272
-172
-37
-226
-106
-152
-266
-197
-403
-14
-32
-76
-262
-354
-176
-156
-235
-266
-163
0
-473
-68
-383
-283
-64
-133
-100
-159
-27
-447
-418
-55
-341
-426
-500
-106
-153
-432
-13
-25
-130
-68
-135
-238
-115
-18
-402
-51
-276
-233
-359
-460
-334
-76
-306
-408
-230
-364
-213
-365
-122
-456
-279
-168
-350
-170
-187
5
-334
-75
-333
-278
-97
-16
-299
-217
-324
-293
-368
-398
-87
-401
-400
-442
-495
-99
-78
-96
-55
-161
-160
-53
-108
-334
-293
-118
-294
-473
-478
-428
-298
-25
-152
-369
-107
-256
-160
-105
-447
-219
-381
-105
-118
-199
-304
-443
-361
-273
-276
-240
-12
-442
-382
-133
-434
-400
-287
-396
-281
-482
-202
8
-439
-201
-415
-337
-218
-436
-212
-463
-58
-361
-47
-467
-172
-389
-457
-437
-288
-21
-89
-158
-277
-148
-280
-122
-50
-225
-173
-51
-256
-161
-296
-235
-204
-114
-365
-463
-387
-485
-347
-57
-283
-302
-115
-458
-260
-332
-294
-444
-2
-438
-210
-149
-166
-435
-357
-373
-334
-224
-486
-210
-285
-132
-162
-252
8
-445
-394
-253
-156
-325
-251
-216
-203
-285
-492
-389
-483
-75
-481
-11
-342
-103
-123
-119
-6
-337
-261
-39
-147
-321
-423
-108
-496
-242
5
-500
-138
-239
-392
-211
-472
-260
-96
-191
2
-233
-95
-469
-306
-446
-257
-211
-252
-47
-241
-21
-395
-318
-203
-438
-37
-169
-476
-401
-6
-361
-34
-228
-311
-10
-214
-414
-222
-137
-401
-279
-159
-250
-4
-336
-481
-252
-190
-313
-383
-179
-141
-231
-42
-341
-131
-49
-357
-175
-304
-213
-321
-487
-320
-349
-181
-205
-438
-177
-190
-349
-371
-497
-365
-37
-119
-314
-20
-200
-92
-363
-104
-467
-214
-101
-18
-38
-248
-7
-257
-1
-445
-411
-472
-344
-30
-151
-165
-167
-68
-382
-453
-7
-165
-284
-33
-470
-268
-312
-113
-39
-210
-471
-499
-422
-70
-252
-369
-111
-155
-393
-215
-385
-359
-458
-247
-429
-231
-108
-171
-16
-312
-208
-156
-391
-63
-176
-107
-441
1
-26
9
-127
-360
-217
-237
-32
-15
-269
-149
1
-450
-203
7
-340
-155
-80
-255
-146
-317
-297
-93
-52
-223
-32
-228
-283
-78
-452
-289
-133
-63
-119
-440
-431
-46
-133
-239
-369
-385
-496
-162
-37
-270
-295
-72
-490
-68
-7
-488
-240
-105
-158
-466
-376
-393
-77
-164
-459
-359
-134
-185
4
-164
-132
-493
-115
-133
-243
-55
-356
-284
-253
-414
-111
-498
-311
-69
-162
-181
-61
-160
-342
-344
-11
-103
-338
-244
-172
-424
-358
-81
-303
-29
-87
-499
-461
-28
-167
7
-107
-335
-359
-124
-191
-17
-328
-419
-171
-253
-177
-353
-257
-179
-25
-410
-338
-207
-275
-414
-358
-79
-462
-442
-414
-127
-244
-274
-409
-85
-336
-140
-405
-284
-263
-19
-199
-406
-100
-289
-346
-36
-57
-39
-430
-374
-157
-393
-473
-174
-385
-37
-407
-386
-437
-343
-19
-490
-222
-57
-228
-123
-470
-44
-210
-120
-39
-19
-28
-424
-277
-163
-284
-137
-93
-88
-42
-171
-18
-483
-326
-386
-62
-477
-211
-42
-298
-464
-50
-403
-14
-495
-332
-393
-101
-229
-493
-426
-224
-298
-75
-52
-480
-200
-447
-472
-450
0
-57
-358
-387
-49
-346
-448
-259
-364
-368
-82
-293
-130
-203
-212
-129
-411
-390
-145
-104
-328
-163
-229
-30
-382
-404
-56
-16
-459
-196
-383
-107
-152
-218
-128
-414
9
-350
-121
-435
-350
-74
-492
-274
-350
-145
-34
-415
-406
-246
-344
-119
-155
-283
-479
-179
-175
-119
-456
-144
-309
-467
-17
-86
-284
-423
-171
-345
-136
9
-25
-19
-256
-199
-59
-399
-357
-459
-356
-28
-3
-445
-495
-215
-21
-423
-321
-245
-481
-109
-426
-270
-193
-406
-96
-188
-456
-51
-87
-398
-168
-14
-282
-480
-391
-111
-499
-441
-422
-17
-129
-387
-10
-327
-108
-3
-488
-23
-237
-471
-185
-324
-27
-111
-41
-151
-300
-393
-233
-141
-268
-199
-180
-98
-241
-183
-379
-136
-258
-91
-64
-371
-261
-460
-254
-464
-466
-134
-115
-15
-223
-465
-186
-61
-495
7
-27
-318
-366
-464
-315
-74
-267
-338
-479
-461
-490
-489
-212
-447
-75
-72
-376
-15
-105
8
-335
-46
-389
-132
-434
-228
-482
-191
-294
-158
-285
-288
-122
-205
-295
-338
-126
-471
-133
-487
-224
-43
-238
-486
-489
-245
-408
-5
-71
-171
-53
-66
-470
-188
-222
7
-292
-9
-106
-491
-144
-253
-77
-493
-444
-262
-154
-117
-441
-47
-31
-403
-345
-34
-217
-448
-481
-260
-68
-41
-219
-195
-55
-495
-84
-223
-452
-130
-209
-47
-334
-100
-135
-498
-278
-353
-331
-391
-356
-65
-152
-363
-376
-270
-447
-214
-322
-56
-30
-163
-243
-447
-58
-486
-293
-357
-241
-12
-205
-210
-17
-112
-174
-125
-356
-97
-110
-494
-178
-369
-192
-324
-308
-494
-221
-499
-329
-496
-141
-442
-31
-321
-99
-263
-462
-211
-135
-372
-103
-495
-219
-59
-372
-425
-339
-439
-1
-231
-361
-75
-37
-14
-102
-493
-421
-280
-98
-361
-392
-158
-55
-342
4
-1
-484
-192
-78
-205
-44
-39
-26
-499
-45
-148
-156
-479
-408
4
-240
-370
-480
-372
-67
-381
-60
-114
-208
-76
-377
-29
-85
-177
-453
-12
-65
-440
-425
-33
-462
-492
-280
-447
-123
-423
-334
-163
-303
-117
-64
-34
-177
-420
-361
-6
-198
-500
-231
-135
-164
-271
-280
-446
-320
-328
-265
-364
-176
-92
-167
-44
-412
-28
-94
-93
-160
-440
-378
-128
-206
-298
-383
-122
-195
-54
-340
-257
-334
-367
-22
-369
-442
-226
-209
-138
-332
-256
-318
-122
-167
-236
-21
-361
-300
-294
-434
-289
-316
-42
-309
-326
7
-330
-166
-369
-145
-313
-62
-74
-133
-407
-387
-213
-18
-139
-291
-499
-214
-495
-208
-257
-322
-416
-107
-109
-438
-239
-323
-306
-27
-198
-459
-385
-273
-391
-296
-469
-497
-364
-61
-388
-327
-437
-415
-222
-129
-362
-291
-126
-278
-331
-50
-330
-380
-58
0
-200
-310
-481
-224
-313
-202
-140
-249
-250
-28
-234
-495
-272
-3
-272
-450
-117
-146
-110
-261
-439
-194
-129
-170
-424
-268
-186
-338
-388
-129
-413
-118
0
-431
-467
3
-487
-179
-439
-65
-321
-404
-73
-16
-255
-176
-27
-231
-73
-345
-456
-282
-140
-480
-228
-128
-386
-301
-272
-465
-131
-417
-381
-79
-271
-288
-335
-31
-462
-15
-446
-358
-396
-396
-488
-149
-495
-158
-41
-346
-314
-52
-380
-443
-296
-82
-81
-389
-352
-34
-353
-435
-438
-433
-259
-172
-204
-159
-353
-147
-355
-193
-331
-277
-87
-475
-385
-158
-218
-259
7
-326
-97
-254
-2
-45
-108
-274
-131
-497
-291
-166
-15
-180
-120
-57
-355
-474
-391
-184
-329
-23
-236
-437
-208
-26
-390
-283
-140
-35
-489
-251
-223
-115
-280
-335
-471
-255
-258
-298
-490
-217
-318
-135
-480
-476
-20
6
-57
-149
-24
-211
-114
-299
-163
-106
-315
3
-261
-172
-444
-258
-320
-442
-172
-7
-64
-358
-166
-66
-78
-465
-102
1
-358
-46
-241
-325
-343
-444
-129
-110
-429
-493
-403
-249
-486
-272
-441
-94
-240
-340
-214
-202
-415
-306
-497
-467
-446
-251
-335
-68
-142
-324
-5
-240
-120
-321
-343
-299
-69
-322
-21
-102
-245
-235
-41
-31
-270
-224
-257
-70
-355
-109
-261
-190
-248
-330
-132
-358
-126
-315
-69
-215
-475
-31
-332
-217
-150
-127
-216
-355
-248
-149
-205
-146
-100
-199
-271
-20
-378
-217
-147
-14
-375
-214
-163
-469
-353
-425
-189
-123
-5
-200
-416
-293
-469
-250
-364
-147
-258
-470
-50
-62
-47
-289
-194
-356
-118
-300
-162
-203
-289
-17
-366
-215
-356
-230
7
-299
-446
-277
-402
-259
-142
-151
-299
-170
-37
-2
-213
-197
3
-188
-375
-316
-153
-232
-219
-311
-357
-136
-219
-476
-90
-106
-62
-129
-486
-340
-382
-369
-459
-488
-244
-85
1
-275
-33
-125
-314
-147
-24
-356
-135
-198
-162
-114
-429
-83
-4
-414
-351
-302
-258
-82
-364
-455
-358
-303
-316
-359
-251
-396
-444
-12
-374
-111
-485
-412
-200
-21
-5
-235
-208
-196
-475
-370
-268
-376
-455
-70
-191
-461
-8
-237
-76
7
-389
-30
-370
-438
-15
-110
-25
-102
-104
-326
-57
-210
-464
-296
-431
-422
-360
-235
-300
-322
-79
-20
-135
-429
-88
-324
-221
-138
-119
-263
-409
6
-5
-89
-428
-296
-340
-222
-83
-137
-136
-485
-263
-44
-468
-274
-364
-348
-49
-336
-72
-381
-231
-66
-168
-430
-436
-288
-123
-273
-422
-210
-292
-210
-63
-271
-468
-381
-424
-165
-6
-324
-261
-373
-358
-228
-416
-150
9
-63
-353
-323
-460
-28
-121
-362
-115
-88
-231
-214
-409
-398
-47
-491
-422
-437
-185
-388
-76
-464
-2
-126
-220
-43
-167
-180
-49
-217
-212
-483
-323
-319
-79
-455
-413
-487
-448
-336
-429
0
-272
-349
-115
-380
-75
-346
-446
-239
-347
-370
-55
-91
4
-44
-206
-402
-247
-390
-100
-438
-26
-330
-186
-312
-133
-91
-2
-257
-387
-385
-456
-111
-408
-283
-354
-418
-392
-373
-345
-175
-199
-357
-229
-208
-428
-79
-181
-109
-146
-294
-491
-363
-6
-2
-477
-163
-146
-224
-8
-498
-273
-91
-242
-183
-118
-59
-254
-419
-103
-476
-311
-263
-122
-254
-53
-190
-40
-93
-500
-474
-251
-45
-133
-299
-66
-420
-213
-94
-100
-217
-323
-248
-298
-95
-297
-17
-15
-173
-464
-410
-20
-199
-2
-23
-86
-483
-62
-270
-142
-49
-314
1
-128
-84
-378
-301
-310
-450
-200
-27
-282
-4
-206
-365
-228
-145
-275
-133
-269
-381
-477
-124
-244
-403
-20
-161
-39
-126
-329
-360
-62
-179
-184
-279
-487
-429
-350
0
-259
4
-181
-136
-88
-395
-400
-82
-312
-48
-350
-343
-441
-201
-451
-183
-93
-304
-293
-390
-319
-166
-382
-60
-220
-419
-44
-357
-435
-276
-261
-356
-167
-310
-155
-386
-133
-124
-177
-105
-491
-301
-361
-301
-86
-265
-321
-489
-231
-134
-491
-487
-186
-293
-205
-475
-35
-258
-291
-102
3
-2
-112
-244
-372
-413
-98
-26
-276
3
-133
-266
-373
-415
-401
-136
-57
-97
-479
-352
-420
-314
-309
-487
-317
-360
-58
9
-106
-392
-327
-378
0
-494
-171
-262
-401
-500
-495
-132
-212
-223
-453
-158
-326
-282
-22
-247
-221
-243
-349
-264
-42
-73
-356
-296
-198
-21
-21
-360
-108
-232
-216
-163
-498
-332
-142
-475
-494
-486
-82
-411
-131
-451
-288
-302
-497
-240
-242
-294
-92
-33
-59
-65
-183
-190
-111
-410
-108
-55
-490
-90
-207
-208
-153
-173
-185
-135
-185
-96
-429
-480
-33
-410
-56
-183
-433
-119
-111
-16
-225
-26
-237
-141
-143
-110
-165
-225
-199
-74
-191
-313
-134
-263
-421
-200
-481
-158
-183
-428
-264
-424
-13
-219
-143
-328
-236
-321
-328
-29
-335
-172
-5
-33
-132
-49
-317
-330
-340
-62
-204
-39
-47
-209
-210
-476
-11
-205
-164
-329
-109
-290
-485
-20
-482
-90
-54
-482
-47
-52
-109
-254
-182
-419
-356
-385
-408
-480
-403
-433
-112
-132
-288
-416
-282
-86
-239
-408
-101
-141
-282
-446
-203
-147
-219
-97
-205
-473
-178
-19
-465
-130
-323
-61
-68
1
-447
-480
-347
-431
-422
-321
-41
-496
-213
-278
-241
-373
-206
-128
-204
-332
-191
-125
-210
-23
-30
-10
-211
-435
-122
-214
-39
-238
-129
-305
-420
-364
-413
-202
-57
-224
-13
-30
-264
-269
-435
-115
-418
-492
-297
-274
-117
-386
-145
-491
-97
-61
-57
-166
-224
-187
-363
-171
-54
-182
-142
-18
-394
-378
-240
-138
2
-21
8
-308
-169
-434
-49
-396
-106
-495
-182
-381
-413
-140
-400
-481
-180
-141
-288
-393
-427
-316
-257
-471
-324
3
-418
-362
-232
-387
-107
-363
-122
-240
-362
-16
-81
-323
-79
-434
-476
-56
-180
-70
-197
-4
-176
-64
-169
-350
-285
-305
-312
-347
-204
-460
-19
-126
0
-159
-302
-322
-480
-18
-209
-152
-45
-259
-231
-397
-184
-444
-477
-116
-39
-215
-218
-371
-199
-391
-479
-250
-315
-320
-398
2
-217
-150
-59
-150
-38
-11
-416
-357
-255
-252
-408
-286
-146
-196
-309
-19
-355
-418
-308
-105
-13
-187
-460
-44
-100
-137
-139
-294
-346
-8
-32
2
-216
-121
-192
-267
-202
-498
-476
-73
-63
-294
-214
-448
-25
-198
-229
-288
-74
-47
-261
-400
-137
-474
-167
-36
-387
-245
-228
-445
-187
-321
-284
-42
-217
-123
-337
-282
-337
-220
-344
-237
-26
-289
-214
-109
-34
-113
-451
-156
-338
-359
-407
-199
-295
-212
-305
-56
-206
-172
-265
-7
-81
-295
-173
-128
-85
-345
-355
-25
-153
-282
-466
-442
-427
-45
-302
-128
-188
-303
-321
-398
-315
-274
-415
-390
-373
-278
-80
-205
-65
-142
-444
-344
-249
-85
-386
-149
6
-373
-486
-310
-364
-377
-170
-299
-456
-434
-385
-137
-352
-1
-390
-240
-302
-422
-455
-401
-262
-41
-333
-172
-103
-120
-287
-181
-15
-375
-428
-56
-389
-165
-119
-261
-89
-121
-155
-100
-154
-259
-71
-76
-274
-189
-426
-302
-294
-157
-275
-407
-375
-106
-304
-158
-10
-17
-306
-417
-317
-254
-180
-377
-398
-178
-498
-372
-251
-116
-431
-193
-298
-436
-261
-333
-337
-449
-106
-480
-95
-103
-223
-276
5
-226
-351
-360
-168
-82
1
-136
-9
-163
-259
-188
-42
-192
-230
-78
-84
-94
-434
-270
-486
-492
-158
-172
-21
-224
-285
-166
-360
-107
-399
-450
-171
-7
-343
-426
-243
-325
-97
-131
-181
-2
-76
-353
-442
-160
-21
-365
-43
-108
-12
-163
-244
-298
-34
-422
-357
-312
-229
-273
-241
-379
-3
-467
-233
-51
-40
-217
-444
-87
-268
-182
-313
-12
-91
-363
-97
-449
-471
-287
-480
-188
-283
-237
-193
-443
-32
-41
7
-455
-484
-60
-258
8
-20
-280
-51
-436
-403
-291
-386
-251
-247
-414
-182
-252
-147
-43
-462
-386
-88
-373
-202
-407
-474
-183
-194
-72
-462
-131
-193
-257
-317
-265
-175
-286
-209
-494
-49
-59
-74
-116
-196
-448
-308
-268
-18
-201
-469
-186
-195
-100
-276
-413
-174
-271
-485
-91
-424
-224
-453
-387
-83
-20
-465
-304
-487
-418
-41
-458
-379
-420
-225
-164
-240
-316
-78
-170
-17
1
-51
-483
-347
-332
-194
-187
-182
-182
-35
-90
-125
-89
-468
-451
-208
-380
-465
-231
-290
-464
-484
-340
-23
-93
-412
-73
-89
-381
-352
-338
-47
-393
-74
-191
-185
-188
-71
-187
-30
-33
-283
-114
-34
-31
-370
-270
-228
-417
-159
-477
-293
-31
-129
-68
-229
-326
-266
-81
-20
-210
-499
-342
-388
-400
-393
-234
-190
-231
-13
-299
-265
-153
-150
-192
-307
-53
-500
-207
-418
-278
-43
-6
-423
-22
-240
-412
-269
-147
-144
-96
-340
-459
-30
-146
-434
-225
-290
-87
-367
-458
-459
-379
-499
2
-70
-385
-21
-491
-73
-469
-142
-43
-26
-235
-87
-218
-457
-479
-374
-472
-137
-423
-218
-54
-117
-184
-425
-163
-369
-306
-249
-93
-100
-265
-479
-225
-322
-149
-95
-446
-336
-374
-238
-497
-87
-473
-240
-309
-220
-288
-410
-375
-497
-227
-468
-316
-355
-233
0
-327
-202
-137
-218
-194
-330
-295
-147
-253
-97
-454
-464
-226
-226
-225
-30
-376
-57
-406
-146
-91
-15
-368
-348
-362
-338
-266
-328
-431
-300
-322
-473
-238
8
-487
-177
-481
-267
-185
-49
-330
-112
-480
-22
-297
-299
-105
-111
-401
-134
-347
-498
-208
-500
-70
-224
-67
-231
-420
-236
-288
-105
4
-305
-86
-185
-404
-302
-493
-13
-221
-495
-70
-305
-133
-389
-213
-372
-218
-120
-270
-5
-486
-51
-389
-254
-166
-426
-477
-89
-108
-188
-306
-435
-496
-346
-167
-437
-337
-279
-124
-140
-136
8
-481
-500
-73
-167
-67
-451
-186
-86
-18
-227
-404
-290
-52
-29
-340
-37
-111
-160
-359
-439
-208
-339
-282
-237
-172
-462
-500
-113
-449
-201
-199
-56
-424
-286
-112
-262
-367
-177
-462
-29
-183
-443
-449
-94
-352
-144
-437
-370
-205
-481
-20
-268
-21
-225
-226
-403
-359
-80
-171
-449
-235
-238
-372
-132
-334
-66
-12
-393
2
-418
-377
-386
-31
-11
-68
-17
-177
-105
-75
-429
-24
-244
-289
-63
-24
-103
-192
-344
-169
-101
-441
-136
-267
-236
-267
-252
-234
-298
9
-317
-84
-148
-425
-68
-47
-223
-76
-444
8
-423
-110
-457
-153
-456
-151
-32
-107
-122
-116
-312
-161
-112
-30
6
-44
-192
-111
-308
-351
-342
-420
-487
-224
-485
-122
-264
-197
-319
-5
-88
-399
-384
-428
-293
-489
-452
-210
-177
-11
-288
3
-168
-288
-225
0
-263
1
-5
-451
-372
-316
7
-349
-379
-22
-436
-211
-208
-129
-425
-453
-99
-60
-168
-332
-64
-494
-207
-381
-496
-52
-494
-72
-311
-48
-236
-52
-448
-176
-242
-456
-159
-287
-466
-273
-223
-194
-10
-366
-6
-39
-130
-55
-146
-364
-59
-480
-216
-230
-214
-215
-180
-275
-425
-402
0
-381
-101
-479
-406
-34
-266
-86
-179
-460
-13
-96
-459
-84
-330
-482
-135
-440
-498
-418
-453
-105
-202
-64
-187
4
1
-297
-117
-500
-312
-462
-377
-284
-322
-338
-247
-71
-479
-471
-49
-111
-493
-417
-150
-305
-251
-179
-195
-435
-427
-292
-127
0
-323
-250
-118
-253
-72
-230
-197
-180
-13
-478
-74
-187
-383
-114
-53
-374
-180
-331
-84
-183
-172
-26
-176
-30
-298
-208
-237
-203
-296
-348
-80
-180
-293
-151
-399
-172
-45
-321
-416
-130
-52
-280
-105
-378
-332
-2
-108
-58
-7
-132
-242
-100
-169
-391
-116
-322
-55
-73
-199
-388
-73
-238
-474
-157
-129
-290
-105
-27
-70
-49
-78
-460
4
-17
-381
-284
-320
-147
-103
-346
-195
-424
-51
-97
-180
-189
-182
-483
-283
-223
-190
-211
-148
-62
-111
-67
-6
-478
-54
-55
-24
-403
-268
-451
-212
-480
-493
-233
-235
-389
-111
-39
-434
-6
-5
-279
-245
-293
-441
-450
-353
-393
-259
9
-369
-86
-283
-186
-192
-314
-368
-5
-259
-267
-147
-270
-499
-340
-489
-416
-106
-443
-441
-414
-371
-127
-223
-375
-267
-153
-401
-270
-334
-413
-95
-178
-154
-216
-475
-160
3
-253
-471
-93
-314
-411
-369
-418
-113
-37
-479
-1
-57
-486
-167
-288
-231
-195
-214
-268
-177
-352
-293
-468
-126
-244
-246
8
-40
-124
-373
-469
-351
-141
-160
-250
-95
-180
-155
-259
-365
-340
-269
-466
6
-476
-170
-112
-448
-307
-186
-450
-277
-303
-28
-347
-189
-390
-195
-388
-267
-119
-234
-474
-145
-151
-88
-426
5
-47
-454
-455
-204
-323
5
-9
-500
-255
-263
-473
-139
-113
-281
-71
-265
-252
-229
-283
-161
-312
-78
-292
-13
-163
-293
-465
-175
7
-481
-384
-468
3
-66
-152
-499
-128
-275
-261
-85
-53
-310
-432
-129
-31
-388
-123
-461
-84
-68
-379
-24
-128
-127
-321
-479
-173
-395
-114
-484
-252
-390
-220
-33
-43
-197
-197
9
-187
-22
-87
-158
-412
-361
-278
-99
-454
-415
-181
-305
-11
-114
-446
-190
-228
-275
-97
-335
-22
-206
-369
-74
-79
-103
-236
-70
-496
-120
-479
-232
-278
-177
-379
-260
-221
-140
-217
-250
-369
-458
-37
-165
-360
-135
-11
-276
-337
-252
-52
-292
-43
-466
-164
-276
-20
-494
-283
5
-109
-318
-397
-471
-317
-100
-189
-431
-198
-380
-392
-28
-270
-360
-221
-29
-411
-241
-335
-496
-338
-150
-283
-328
-440
-44
-186
-53
-120
-265
-63
-296
-297
-31
-323
-103
-273
-282
-164
-223
-484
-309
-130
-239
-279
-252
-246
-300
9
-280
-185
-406
-395
-294
-39
-287
-113
-225
-467
-107
-362
-481
-332
-303
-81
-206
-88
-380
-326
-196
-256
-458
-388
8
-186
-382
-110
-144
-461
-262
-150
-140
-62
-286
-441
-78
-16
-496
-475
-71
-137
-276
-39
-189
-40
-10
-292
-439
-173
-290
-397
-84
-48
-384
-485
-400
-276
-221
-359
-392
-328
-235
-158
-289
-95
-204
-122
-320
-435
-137
-400
-489
-402
-46
-38
-314
-181
-379
-495
-242
-381
-334
-453
-241
-388
-455
-345
-293
-161
-82
-148
-286
-472
-248
-411
-42
-118
-398
-388
-171
-308
-367
-455
-89
-483
-257
-44
-5
-303
-169
-87
-39
-71
-110
-263
-492
-40
-119
-196
-342
-286
9
-161
0
-87
-370
0
-170
-165
-151
-312
8
-329
-116
-355
-99
-366
-367
-257
-156
-475
-393
-45
-323
-500
-15
-257
-57
-252
-250
-146
-59
-20
8
-468
-75
-498
-343
-377
-38
-303
-485
-468
-392
-29
-385
-268
-103
-329
-80
5
-440
-132
-392
-464
-500
-307
-200
-328
-404
-216
-371
-170
-417
-489
-439
-298
-430
-500
-302
-341
-191
-357
-69
-258
-95
-161
-401
-328
-416
-434
-129
-241
-262
-259
-470
-115
-127
-385
-34
-103
-389
-478
-345
-152
-442
-463
-279
-445
-451
-216
-365
-33
-460
-421
-71
-475
-303
-486
-388
-282
-12
-42
-477
-271
-449
-318
-267
-324
-344
-231
-462
-67
-440
-67
-249
-32
-346
-259
-200
-251
-180
-110
-209
-238
-360
8
-28
-390
-86
-257
-325
-423
-60
-176
-50
-427
-335
-182
-267
-497
-267
-322
-200
-357
-279
-337
-122
-332
-8
-303
-116
-277
-111
-359
-259
-90
-311
-457
-204
7
-434
-121
-372
-491
-269
-432
-332
-229
-249
-307
-14
-213
-403
-190
-227
-145
-360
-26
-71
-6
-414
-165
-5
-376
-462
-489
-298
-98
-265
-83
-495
-202
-425
-113
-299
-435
-416
-486
-446
-69
-493
-50
-352
-176
-99
-322
-426
-202
-26
-38
0
-333
-259
-443
-244
-372
-447
-328
-316
-416
-382
-39
-100
-112
-198
-134
-194
-196
-286
-428
-70
-468
-293
-42
-168
-343
-351
-495
-106
-28
-129
-36
-270
-407
-98
-30
-191
-413
-147
-112
-270
-496
-215
-413
-429
-108
-170
-252
-301
-79
-300
-356
-281
-395
-81
-170
-340
-201
-65
-195
-469
-22
-355
-358
-179
-205
-94
-81
-429
-447
-143
-381
-412
-480
-136
-185
-42
-367
-226
-312
-311
-312
-249
-8
-216
-404
-194
-373
-265
-389
-402
-426
-158
-2
-389
-262
-27
-394
-229
-113
-33
-180
-431
-85
-374
-262
-298
-359
-377
-392
-330
-222
-74
-101
-450
-473
-342
-178
-52
-150
-65
-262
-157
-307
-13
-16
-478
-108
-246
-138
-109
-126
-255
-417
-319
-364
-66
-112
-300
-221
-78
-172
-98
-362
-246
-391
-307
-216
-146
-466
-152
-335
-384
-117
-97
-100
-157
-270
-127
-328
-114
-496
-483
-330
-377
-312
-476
-199
-107
-372
-13
-473
-123
-497
-283
-383
-8
-379
-248
-397
-319
-399
-199
-4
-94
-296
-287
-253
-93
-204
-395
-184
-57
-162
-117
-360
-490
-207
-376
-350
-431
-230
-374
-343
-335
-380
-261
-104
-41
-104
-418
-314
-88
-261
-104
-295
-241
-334
-421
-302
-61
-286
-119
-411
-477
-160
-73
-425
-307
-95
-448
-425
-44
-316
-294
-317
-91
-136
-313
-385
-490
-479
-42
-211
-119
-32
-350
-352
-440
-372
-496
-365
-464
-78
-30
-489
-463
-90
-123
-437
-210
-96
-125
-55
-439
-124
-215
-159
-448
-364
-350
-393
-368
-440
-353
-380
-164
-259
-316
-435
-227
-489
-118
-142
-132
-449
-36
-175
-403
-259
-194
-147
-66
-326
-389
-120
-285
-323
-255
-273
-423
-289
-437
-61
-494
-403
-17
-380
-452
-142
-336
-433
-9
-16
7
-222
-463
-461
-358
-222
-95
-496
-138
-226
-333
-136
-288
-490
-142
-265
-119
-88
-7
-43
-23
-159
-26
-455
-465
-261
-95
-287
-463
-429
-42
5
-48
-377
-494
-439
-383
-334
-343
-315
-239
-33
-163
-217
-62
-211
-47
-153
-47
-459
-412
-322
-151
-377
-335
-93
-444
-452
-496
-219
-183
-250
-143
-50
-297
-94
-143
-360
8
-348
-180
5
-342
-421
-163
-384
-131
-118
-74
-6
-129
-107
-95
-244
-312
-67
-281
-408
-325
-360
-72
-239
-188
-302
-284
-15
-146
-413
-312
-468
-422
-276
-372
-286
-279
-289
-201
-462
9
-136
-310
-468
-336
-92
-14
-47
-32
-173
-186
-43
-311
-316
-190
-422
-370
-204
-231
-218
-213
-139
-337
-186
-308
-217
-259
-178
-159
-333
-21
-297
-221
-317
-418
-19
-176
-365
-34
-260
-28
-202
-247
-191
-447
-289
-107
-127
-57
-276
-204
-133
-132
6
-122
-251
-145
-310
-265
-291
-468
-480
-147
-137
-118
-408
-229
-344
-298
-495
-225
-334
-110
-231
-411
-78
-327
-392
-51
-45
-241
-171
-183
-252
-203
-253
-154
-35
-212
-471
-258
4
-296
-272
-188
-217
-56
-455
-81
-166
-441
-236
-429
-36
-356
-21
-82
-282
-21
-496
-139
-460
-350
-472
-332
-341
-48
-383
-144
-69
-395
-476
-184
-280
-99
-51
-307
-351
-432
-400
-460
-121
-106
-151
-86
-243
-364
-495
-178
-49
-490
-425
-204
-1
-426
-457
-137
-288
-355
3
-78
-213
-66
-313
-322
-213
5
-421
-282
-295
-460
-122
-171
-448
-493
-333
-92
-70
-139
-149
-33
-18
-372
-372
-169
-12
-146
-474
-343
-109
-47
-428
-407
-117
-434
-59
-15
-341
-382
-356
-163
-352
-120
-435
-382
-356
-1
-94
-443
-236
-166
-286
-342
-430
6
-354
-66
-271
-118
-104
-286
-145
-185
-374
-241
-28
6
-483
-35
-403
-178
-127
-318
-65
-124
-425
-292
-26
-376
-469
-133
-181
-211
-332
-91
-205
-377
-87
-131
-399
-461
-331
-227
-439
-176
-221
-486
-403
-498
-40
-131
-192
-352
-386
-348
-191
-37
-192
-500
-110
-475
-152
-117
-198
-338
-455
-129
-99
-240
-465
-111
-135
-372
-439
-359
-196
-165
-447
-359
-175
-348
-225
-118
-108
-132
-431
-423
-405
-234
-51
-53
-297
-483
-215
-495
-60
6
-449
-32
-360
-181
-167
-302
-39
-155
-81
-491
-443
-189
-389
-160
-492
8
-96
-136
-164
-303
-307
-394
-350
-270
-371
-477
-425
-202
-403
-20
-95
-495
-423
-456
-477
-230
-356
-90
-206
-218
-240
-82
-76
-6
-113
-219
-409
-154
6
-408
-77
-430
-301
-2
-93
-31
-175
-189
-465
-398
-199
-243
-30
-478
-448
-91
-430
-24
-37
-319
-235
-250
-189
-434
-120
-254
-263
-464
-108
-341
-454
-406
-141
-12
-166
-89
-373
-116
-18
-62
-83
-106
-247
-300
-390
-106
-395
-492
-409
-431
-310
-408
-438
-324
-486
-342
-78
-397
-292
-33
-177
-205
-156
-182
-237
-13
-390
-333
-105
-441
-144
-171
-386
-71
-180
-448
-10
-135
-38
-306
-201
-492
-126
-463
-198
-445
-124
-361
-115
-388
-469
-217
-164
-383
-339
-333
-287
-487
-265
-135
-269
-131
-170
-242
-63
-20
-219
-386
-285
-455
-172
-136
-394
-321
-120
-343
-19
-289
-94
-36
-440
-303
-117
-370
-324
-348
-237
-175
-332
-461
-227
-76
-225
-234
-426
3
-169
-361
-26
-486
-218
-76
-470
-374
-240
-205
-258
-259
-138
-469
-285
-309
-90
-24
-278
-465
-392
-120
-187
-27
-157
-42
-178
-142
-175
-38
-158
-36
-272
-451
-484
-7
-232
-286
-297
-423
-490
-37
-28
-102
-300
-365
-342
-26
-364
-197
-45
-443
-274
-140
-208
-40
-357
-455
-278
-405
-9
-117
-168
-164
-72
-204
-426
-30
-467
-382
-346
-421
-17
-158
-205
-394
-413
-12
-277
-95
-372
-444
-495
-308
3
-231
-447
-429
-285
-387
-351
3
-468
-410
-289
-346
-94
-184
-222
-433
-65
-219
-464
-279
5
-77
-152
-462
-79
-440
-324
-179
-177
-79
-267
-105
-73
-172
-499
-265
-242
-325
-94
-268
-490
-333
-473
-265
-407
-215
-333
-181
-417
-443
-407
-181
-472
-89
-309
0
9
-242
-429
-500
-469
-263
-400
-378
-216
-184
-191
-454
-109
-197
-366
-472
-496
-487
-132
-473
-10
-23
-472
-494
-377
0
-224
-205
-362
-372
-352
-466
-166
-264
-51
-117
4
-121
-74
-13
-80
-318
-383
-99
-93
-177
-278
-15
-39
-85
-459
-333
-7
-199
-272
-485
-240
-78
-285
-238
-167
-498
-298
-294
-109
-216
-216
-372
-409
-5
-258
-79
-281
-89
-389
-364
-439
-28
-402
-309
-379
-432
-227
-86
-275
-155
-383
-172
-184
-178
-394
-121
-220
-115
-122
-282
-170
-436
-209
-356
-323
-473
-454
-464
-415
-380
-197
-88
-230
-95
-349
-23
-46
-483
-318
-106
-96
-458
-491
-425
-398
-30
-414
-194
-474
-270
1
-361
-497
-312
-314
-367
-461
-169
-307
-381
-455
-278
-370
-224
-51
-106
-447
-316
-458
-49
-192
-95
-214
-443
-173
-367
-49
-152
-429
-473
-450
-149
-161
-474
-250
-47
-278
-219
-435
-471
-325
-228
-466
-422
-225
-404
-185
-14
-258
-202
-232
-191
-256
-275
-188
-78
-197
-490
-80
-95
-308
-189
-266
-251
-228
-388
-175
-440
-33
-106
-89
-161
-332
-350
-498
2
-261
2
-159
-173
-273
-441
-301
4
-209
-171
-469
-373
-226
-458
-227
-321
-486
-180
-352
-402
-27
-358
-141
-191
-19
-25
-294
-469
-114
-96
-88
-396
-85
-10
-183
-191
-142
-150
-439
-426
-444
-199
-488
-396
-368
-43
-314
-249
-403
-318
-67
-311
-63
-170
-377
-13
-227
-443
-460
-25
-431
-320
-493
-28
-438
-294
-235
-123
-196
-254
-386
-124
-480
-47
-186
-181
-17
-283
-360
-274
-360
-170
-345
-302
-247
-371
-26
-51
-135
-324
8
-414
-327
0
-469
-53
-298
-283
-147
-116
-500
-72
-456
-415
-163
-189
-467
-405
-203
-168
-487
-201
-336
-218
-495
4
-169
-164
-304
-466
-458
-202
-392
-96
-189
-434
-58
-1
-360
-151
-266
-331
-206
-454
-159
-94
-163
-365
-339
-366
-221
-229
-375
-350
-446
-435
-183
-7
-90
-25
-244
-441
-261
-198
-337
-113
-391
-234
-247
-363
-6
-145
-284
-195
-487
-339
-296
-388
-123
-374
-445
-356
-474
-178
-255
-366
-93
-342
-488
-232
-261
-302
-197
-146
-201
-402
-498
-313
-37
-427
-227
-30
-373
-169
-300
-79
-201
-395
-488
-423
-449
-242
-224
-330
-29
-251
-114
-154
-369
-127
-385
-11
-367
-366
-167
-7
-332
-2
-263
-275
-463
-149
-162
-21
0
-323
-358
-100
-117
-390
-192
-259
-346
-416
-390
-342
-167
-200
-234
-228
-182
-360
-355
-261
-57
-142
-494
-85
-169
-456
-469
-71
-88
-141
-228
-51
-317
-79
-181
-224
-481
-489
-226
-230
-349
-15
-129
-403
-189
-431
-412
-242
-397
-468
-230
-393
-395
-30
-369
-172
-428
-500
-58
1
-290
-291
-7
-306
-271
-176
-433
-418
-98
-441
-271
-340
-480
-142
-426
-409
-168
-304
-397
-257
-413
-283
-395
-57
-386
-288
-213
-336
-272
-321
-230
-82
-187
-341
-146
7
-436
7
-366
-459
-280
-115
-383
-248
-320
-159
-49
-92
-4
-294
-144
-420
-375
-26
-476
-128
-346
-410
-199
-298
-168
-46
-350
-237
-490
-58
9
-231
-341
-158
-120
-457
-326
-302
-488
-85
-6
-303
-247
-365
-230
-80
-292
-441
-218
-45
-262
-263
-296
-152
-83
-93
-135
-493
-235
-392
-232
-340
-201
-94
-359
-424
-49
-429
-270
-220
-93
-247
-119
-127
-373
-488
-172
-439
-486
-153
-470
-406
-26
-435
-273
-310
-25
-198
-261
-146
-230
-263
-75
-157
-19
-231
-62
-159
-172
-417
-7
-443
-183
-26
-361
-438
-93
-70
-443
-284
-396
-381
-33
-204
-272
-260
-214
-145
-390
-342
-69
-359
-77
-106
-266
-258
-92
-468
-381
-480
-115
-175
-307
-412
-200
-195
-414
-496
-138
-304
-205
-97
-361
-330
-284
-102
-455
-459
-184
-116
-460
-314
-451
-330
-441
-408
-113
-426
-425
-104
-344
-137
-466
-337
-166
-27
8
-239
-82
-295
-297
-58
-471
-254
-47
-55
-364
-311
-225
-160
-169
-483
-84
-85
-174
-437
-482
-182
-259
-471
-371
-171
-28
-410
-279
-224
-288
-76
-52
-495
-6
-90
-237
-328
-251
-185
-299
-438
-71
-200
-179
-115
-309
-343
-380
-214
-71
-109
-66
-426
-446
-116
-463
-179
-63
-252
-55
-14
-137
-66
-402
-343
-86
-483
-472
-110
-95
-170
-289
-293
-96
-427
-343
-443
-161
-238
-65
-347
-160
-386
-184
-91
-163
-295
-464
-398
-331
-134
-197
-115
-81
-118
-229
-441
1
-287
-217
-233
-103
-233
-129
-417
-249
-271
-253
-307
-5
-445
-223
-19
-498
-35
-166
-277
-446
-273
-404
-79
-323
-20
-44
-475
-464
-32
-86
-435
-208
-87
-349
-395
-245
-428
-392
-158
-297
-184
-395
-4
-364
-381
-440
-402
-343
-418
-7
-328
-309
-293
-195
8
-322
-206
-345
-435
-129
-200
-405
-389
-59
-480
-5
-101
-473
-376
-289
-366
-434
-344
-315
-306
-21
-9
-476
-221
-204
-85
-301
-44
-317
-107
-133
-463
-184
-83
-492
-437
-264
-393
-251
-126
-237
-180
-229
-204
-248
-428
-464
-158
-193
-283
-140
-172
-18
-106
-327
-11
-315
-446
-434
-206
-439
-288
-423
-56
-161
-247
-281
-119
-414
-20
-343
-45
-203
-175
-392
-452
-22
-89
-484
-427
-126
-192
-288
-441
-64
-292
-453
-452
-418
-482
-384
-496
-250
-31
-80
-420
-122
-262
-321
-111
-139
-386
-327
-136
-463
-213
-314
-401
-476
-114
-96
-336
-105
-38
-216
-388
-225
-315
-402
-214
-104
-60
-403
-198
-13
-378
-72
-409
-92
-362
-402
-330
-52
-281
-216
-71
-145
-496
-257
-315
-454
-22
-315
-199
-211
-258
-76
-355
-274
-379
-240
-304
-17
-123
-401
-261
-77
-403
-343
-115
-160
-407
-436
-111
-69
-394
-409
-420
-238
-3
-200
-356
-71
-262
-145
-325
-345
-211
-188
-500
-212
-78
-276
-19
8
-83
-264
-319
-132
-204
-30
-128
-284
-118
-26
-343
-234
-366
-184
-159
-419
-458
-487
-403
-291
-122
-78
-32
-156
-488
-336
-23
-215
-90
-280
-29
-395
-489
-478
-208
-261
-276
-315
-118
-454
2
-497
-112
-428
-462
-374
-493
-7
-140
-297
-407
-192
-86
-291
-137
-351
-243
-274
-401
-487
-351
-268
-7
-437
-287
-371
-414
-458
-283
-236
-483
-229
-21
-118
-338
-174
-148
-231
-300
-97
-461
-444
-21
-25
-412
-117
-41
-195
-276
-201
-473
-22
-272
-238
-324
-364
-498
-112
-365
-248
-272
-123
-252
-67
-318
-44
-122
-416
-183
-156
-303
-337
-70
-183
-454
-314
-370
-170
-403
-228
-342
-333
-70
-234
-197
-297
-75
-150
-336
-383
-88
-378
-488
-191
-130
8
-480
-407
-373
-22
-209
-127
-70
-45
-143
-107
-75
-154
-254
-23
-41
7
-452
-414
-201
-101
-118
-12
-150
-126
-34
-491
-432
-143
-267
-123
-386
-152
-238
-272
-475
-102
2
-280
-405
-484
-57
-179
-466
-451
-411
-286
-184
-280
-480
-189
-44
-463
-374
-440
-100
-234
-270
-280
-173
-366
-388
-6
-170
-23
-324
-338
-207
-39
-278
-439
7
-105
-210
-74
8
-53
-152
-32
-331
-470
-202
-485
-489
-41
-441
-453
-475
-262
-190
-332
-335
-8
-226
-300
-241
-27
-471
-252
-439
-157
-499
-189
-269
-401
-340
-9
-388
-461
-422
-313
-360
-119
-146
-321
-43
-189
-10
-163
-448
-278
-452
-70
-87
-132
-363
-93
-6
-139
-436
-336
-195
-310
-438
-58
-232
-247
-30
-140
-94
-203
-226
-29
-402
-218
-57
-92
-339
-270
-55
-189
-361
6
-281
-354
-252
-432
-376
-343
-334
-448
-29
-471
-294
-130
-390
-358
-261
-471
-496
-54
-210
-387
-67
-40
-395
-214
-374
-148
-276
-264
-449
-5
-492
-463
-316
-87
-465
-56
-482
-145
-493
-390
-182
-430
-161
-149
-61
-389
-411
-260
-209
-246
-249
-450
-480
-336
-96
-55
-211
-84
-471
-384
-352
-362
-213
-443
-149
-486
-18
-425
-407
-105
-151
-182
-287
-102
-388
-434
-114
-45
-195
-351
-188
-38
-51
-389
-253
-171
-413
-395
-200
-254
-380
-398
-138
-341
-434
-104
-375
-293
-309
-384
-208
-269
-113
-316
-459
-84
-106
-371
-347
-123
-465
-264
-495
-210
-245
-488
-254
-332
-58
-119
-129
-219
-159
-440
-124
-238
-98
-268
-282
-301
-406
-439
-359
-59
-71
-276
-439
-98
-302
-194
-206
-431
-61
-381
-279
-7
-416
-439
-428
-336
-264
-135
-334
-408
-442
-456
-195
-132
-122
-25
-47
-123
-182
-169
-11
-116
-308
-392
-111
-451
-459
-144
-202
-123
-483
-328
-452
-70
-460
-37
-398
7
-453
-202
-312
-367
-466
-452
-78
-303
-135
-78
-85
-376
-321
-64
-100
-316
-59
-142
-291
-385
-460
-450
-194
-66
-365
-355
-127
-273
-188
-265
-415
-406
-27
-154
-240
-344
-307
-93
-175
-286
-394
-186
-214
-290
-118
-345
-421
-363
-318
-347
-232
-72
-370
-256
2
-344
-214
-213
-464
7
-72
-484
-482
-307
-220
-27
2
-72
-72
-412
-315
-293
-119
9
-117
-9
-157
-340
-331
-354
-91
-491
-26
-196
-317
-451
-144
-3
-33
-327
-411
-197
-303
-217
-468
-43
-426
-377
-248
-226
-310
-478
-330
-173
-235
-145
-436
-218
-166
-345
-496
-245
-435
-300
-3
-285
-4
-359
-361
-158
-181
-51
-76
-167
-376
-439
-195
-8
-8
-377
-225
-177
-123
-410
-190
-251
1
-471
-377
-109
-92
-152
-383
-481
-95
-155
-294
-484
-169
-400
-446
-179
-128
-221
-492
-219
-92
-379
-221
-259
-442
-266
-245
-360
-225
-355
-190
-324
-292
-253
-49
-122
-102
-293
-436
-231
-345
-14
-163
-410
-300
-313
-388
-108
-417
-118
-61
-172
-211
-401
-197
-247
-83
-128
-39
-243
-279
-370
-243
9
-395
-231
-193
-484
-255
-269
-195
-26
-357
-500
-369
-478
-64
-77
-361
-24
-452
-28
-176
-196
-497
0
-179
-314
-290
-475
-321
-453
-467
-291
-242
-40
-357
-178
-177
-425
-107
-417
-362
-324
-449
-240
8
-96
-440
-150
-200
-123
-235
-50
-341
-66
-45
-224
-247
-433
-257
-462
-423
-59
-243
-487
-485
-362
-323
-326
-417
8
-336
-234
-293
-394
-167
-88
-77
-156
-220
-452
-466
-53
-73
-285
-243
-48
-82
-139
-41
-117
-176
-287
-120
-481
-447
-432
-485
-418
-375
-302
-45
-486
-295
-494
-112
-312
-491
-289
-176
-424
-63
-348
-148
-493
-354
-449
-312
-490
1
-86
-209
-154
-106
-425
-83
-304
-296
-55
-115
-126
-43
-182
-57
-377
-47
-58
-486
-356
-348
-141
-42
-400
-414
-232
-447
-215
-13
-146
-496
-289
-462
-266
-485
-402
-107
-364
1
-327
-7
-442
-15
-219
-348
-191
-421
-53
-320
-399
-261
-483
-63
-128
-42
-426
-300
-168
-351
-166
-82
-370
-85
-56
-208
3
-227
-485
-105
-55
-107
-160
-157
-246
-476
-452
-371
-27
-155
-33
-93
-427
-356
-80
-484
-50
-344
-397
-67
-249
-190
-263
-160
-214
-96
-491
-24
-129
-194
-296
-113
-305
-291
-236
-331
-147
-209
-417
-496
-330
-372
-152
-385
-224
-469
-299
-320
-13
-494
-434
-141
-85
-219
-278
-204
-462
-389
-204
-332
-52
-424
-147
-141
-77
-66
-490
7
-450
-490
-314
-470
-393
-137
-156
-24
-426
-461
-481
-20
-451
-142
-381
-69
-93
-71
-408
-199
-483
-303
1
-136
-482
-331
-206
-234
-263
-177
-129
-258
-397
-21
-61
-314
-225
-499
-72
-174
-310
-357
-124
-27
-354
-90
-308
-322
-194
-379
-482
-161
-53
-72
-281
-279
-279
-443
-233
-432
-381
-192
-63
-385
-150
-257
-122
-399
-442
-94
-146
-245
-272
-206
-399
-99
-411
-210
3
-448
-60
-370
-319
-479
-322
-116
-272
-291
-314
-183
-466
-479
-479
-207
-386
0
-35
-466
-257
-250
-133
-362
-320
-269
-347
-246
-88
-195
-234
-441
-118
-149
-227
-78
-172
-6
-233
-24
-379
-288
-215
5
-92
-245
-351
-408
-413
-234
-414
-36
-388
-493
-82
-221
-457
-231
-246
-153
-81
-275
-85
-452
-111
-353
-181
-429
-6
-212
-377
-417
-354
-422
-287
-371
-310
-155
-345
-282
-2
-395
-127
-376
-397
-477
-35
-213
-255
-116
-294
-480
-396
-149
-497
-353
-221
-249
-87
-176
-61
-314
-196
-437
-472
-30
-11
-199
-237
-418
-178
-110
-308
-33
-478
-394
-144
-402
-70
-424
-431
-271
-2
-254
-493
-265
-337
-230
6
1
-184
-329
-92
-394
-429
-302
-440
-226
-54
-386
-184
-82
-196
-8
-84
-384
-280
-280
-271
-282
-41
-98
-490
-169
-56
-363
-499
-43
-8
-167
-288
-21
-183
-162
-60
-405
-428
-70
-440
-236
-421
-213
-243
-128
-392
-338
-128
-384
-28
3
-23
-114
-338
-116
-198
-325
8
-221
-433
-459
-13
-226
-280
-376
-74
-346
-256
-255
-326
-411
-381
-145
-464
-27
-361
-147
-41
-247
-282
-112
-243
-90
-9
-205
-452
-331
-373
-159
-331
-45
-451
-283
-405
-91
-327
-450
-175
-34
-32
-141
-254
-67
-499
-88
-480
-30
-316
-189
-257
-254
-497
-463
-218
-51
-483
-96
-472
-450
-207
-138
-284
-28
-451
-291
-255
-208
-104
-420
-362
-80
-212
-234
-119
-167
-232
-172
-21
-408
-227
-120
-225
-163
-98
-368
-460
-313
-181
-293
-81
-194
-404
-28
-173
4
-220
-317
-283
-496
-443
-191
-473
-264
0
-198
-250
-75
-428
-29
-150
-77
-451
-379
-321
-18
-124
-74
-54
-442
-62
-41
-494
-245
-267
-126
-483
-243
-465
-456
-137
-395
-41
-135
-248
-477
-439
-100
-409
-419
-454
-260
-34
-455
-305
-205
-490
-290
-378
-379
-351
-137
-265
-356
4
-337
-356
-41
-395
-465
-163
-21
-238
-443
-71
-71
-420
-415
-480
-485
-134
-66
-439
-445
-381
-251
-482
-296
-72
-394
-9
-96
-327
-474
-462
-169
-14
-296
-167
-33
-266
-112
-467
-95
-203
-120
-121
-80
-315
-103
-432
-165
-241
-407
-173
-224
-157
-417
-335
-373
-235
-185
-57
-327
-54
-177
-205
-294
-492
-110
-314
-420
-386
-270
-413
-462
-210
-248
-317
-428
-147
-80
-77
-463
-28
-204
-1
-462
-253
-343
-486
-415
-486
-395
-253
-2
-132
-491
-176
-434
-52
-381
-111
-395
-26
-387
-219
-56
-304
-51
-463
-70
-399
-223
-249
-387
-23
-359
-99
-132
-215
-69
-358
-246
-448
-404
-465
-141
-90
-169
-496
-211
-310
-242
-269
-163
-148
-95
-467
-291
-305
-472
-297
-148
-296
-171
-114
-312
-338
-101
-314
-322
-474
-313
-484
-489
-144
-229
-243
-179
-173
-143
-313
-231
-3
-41
-282
-210
-330
-323
-169
-487
-50
-203
-386
-362
-338
-156
-355
-275
-385
-370
-307
-172
-361
-127
-372
-418
-291
-108
-40
-407
-24
-330
-14
-274
-136
-104
-234
-213
-278
-348
-26
-308
-498
-68
-443
-119
-34
-305
-167
-488
-115
-377
-409
-6
-239
-77
-285
-324
-292
-106
-154
-260
-261
-209
-57
-191
-493
-259
-380
-453
-239
-208
-199
-205
-88
-76
-439
-483
-344
-340
-214
-222
-230
-386
-457
-54
-54
-339
-9
-69
-433
-379
-319
-491
-182
-141
-256
-237
-275
-106
-484
-213
-353
-495
-194
-10
-46
-88
-7
-88
-349
-351
-13
-284
-60
-255
-52
-333
-330
-125
-59
-165
-13
-197
-489
-238
-311
-439
-250
-482
6
-75
-488
-330
-91
-490
-104
-301
-7
-197
-331
-346
-284
-304
-274
-71
-117
-477
-25
-468
-135
-456
5
-343
-282
-274
-115
-213
-27
-346
-392
-52
-475
-416
-491
-341
-93
-474
-441
-189
-339
-176
-41
-163
-308
-406
-206
-246
-35
-100
-298
-343
-493
-223
-466
-83
-54
-453
-145
-457
-53
7
-444
-162
-172
-246
-78
-197
-326
-452
-236
-38
-229
-367
-425
-36
-281
-203
-311
-114
-212
-494
-162
-6
-91
-487
-151
-385
-428
-108
-340
-234
-298
-280
-142
-343
-444
-443
-323
-347
-209
-23
-410
-425
-310
-43
-442
-37
-41
-328
-130
-216
-233
-499
-241
-57
-25
-378
-231
-363
-225
-106
-440
-3
-166
-210
-399
-449
-89
-476
-63
-129
-135
-35
-179
-465
-397
-87
-441
-70
-389
-431
-168
-50
-177
-204
-147
3
-146
-342
-1
-397
-156
-359
-313
-77
-362
-38
-412
-134
-384
-300
-353
-407
-332
-197
-410
-106
-385
-299
-496
-336
-379
-381
-197
-64
-484
-461
-274
-109
-499
-123
-254
-367
-409
-281
-132
-218
-335
-411
-128
-1
-413
-89
-479
-244
-280
-100
-398
-55
-434
-443
-444
-398
-235
-67
-297
-168
-337
-166
-33
-324
-196
-218
-29
-218
-384
-242
-174
-368
-250
-454
-495
-9
-386
-493
-466
-62
-364
-369
-438
-138
3
-358
-109
-128
-145
-36
-458
-332
-204
-303
-184
-496
-58
-363
-178
-420
-364
-37
-128
-436
-491
-293
-308
-480
-142
-186
-122
-161
-119
-174
-190
-149
-341
-450
-451
-171
-47
-208
-461
-478
-46
-177
-279
-129
-279
-349
-162
-163
-155
-442
-202
-418
-180
-437
-426
-60
-403
-63
-116
-222
-152
-390
-183
-73
-213
-395
-385
-291
-443
-161
-333
-55
-376
-134
-164
-210
-414
-98
-185
-390
-401
-254
-162
-459
-267
-95
7
-281
-200
-263
-494
-149
-42
-417
-184
-271
-486
-312
-33
-498
-421
-364
-227
-120
-461
-430
-78
-317
-83
-253
-447
-475
-317
-164
-257
-499
-235
-364
-161
-406
-323
-457
-61
-111
-439
-214
-238
-76
-361
-75
-322
-345
-201
-82
-211
-3
-234
-369
-430
-224
4
3
-321
-193
-475
-258
-153
-277
-269
-393
-300
-120
-306
-252
-428
-365
-351
-246
-104
-308
-332
-412
-265
-284
-422
-271
-367
4
-140
-373
-180
-462
-207
-140
-450
-98
-51
-327
-200
-146
-13
-367
-229
-30
-72
-124
-24
-428
-224
-97
-363
-195
-152
-310
-448
-105
-162
-382
-47
-65
-419
-258
-67
-266
-9
-356
-459
-135
-460
-494
-308
-359
-182
-424
-271
-211
-65
-141
-176
-308
-413
-321
-142
-97
-238
-67
-46
-350
-313
-222
-22
-361
-157
-190
-276
-264
-298
-160
-309
-28
-211
-345
-347
-276
-93
-474
-23
-46
-425
-320
-187
-60
-284
-196
-295
-493
-52
-158
-132
-153
-92
-153
-152
-267
-177
-77
9
-159
-395
-481
-350
-418
-137
-31
-60
-343
-276
-176
-191
-207
-213
-314
-232
-228
-213
-232
-220
7
-312
-154
-479
-210
-55
-136
-437
-177
-463
-5
-150
-212
-45
-418
-217
-43
-76
-41
-145
-498
-417
-425
-423
-430
-407
-394
-326
-399
-114
-17
-310
-484
-74
-238
-168
-40
-199
-355
-290
-247
-120
-380
-388
-13
-499
-204
-406
-346
-211
-240
-233
-141
-74
-69
3
-421
-347
-208
-129
-391
-10
-283
-58
-48
-337
-181
-309
-8
-100
-383
-342
-426
-80
-36
-125
-60
-169
-48
3
-180
-123
-454
-9
-181
-302
-467
-459
-323
-247
-488
-479
-135
-489
-65
-478
-111
-21
-38
-189
-264
-296
-306
-228
-72
-259
-181
-435
-199
-380
-46
-81
-8
-59
-141
-290
-288
-481
-97
-168
-167
-391
-181
-267
-222
-64
-456
-457
-334
-248
-457
-260
-176
-274
-113
-219
-379
2
-10
-206
-54
-227
-436
-240
-117
-461
-232
-60
-408
-106
-83
-307
-137
-101
-8
-476
-310
-28
-342
-75
-144
-52
2
-82
-418
-323
-183
-235
-343
6
-150
-65
-146
-151
-122
-441
-2
-51
-74
-454
-300
-481
-385
-44
-219
-158
7
-229
-335
-72
-49
-375
-462
-179
-461
-269
-111
-301
-410
-325
-106
-254
-62
-469
-147
-336
-267
-405
3
-135
-420
-303
-495
-452
-31
-368
-376
-421
-485
-448
-25
-228
-159
-151
-413
-159
3
-394
-173
-80
-331
4
-371
-254
-494
-59
-84
-429
-201
-245
-176
-25
-259
-438
-319
-111
-309
-386
-54
-62
-132
-112
-282
-302
-282
-388
-170
-466
-264
-306
-358
-261
-398
-331
-237
-81
-428
-324
-15
-382
-495
-236
-431
-490
-369
-88
-92
-51
-20
-116
-370
-180
-278
-76
-19
-57
-238
-74
-169
-229
-431
-458
-314
-123
5
-72
-262
-329
-1
-256
-3
-206
-495
-332
-130
-184
-267
-6
-121
-494
-92
-438
-251
-375
-377
-120
-181
-243
-65
-116
-464
-392
-483
-404
-443
-346
-305
-249
-4
-211
-360
-64
-210
-41
-436
-127
-14
-482
-230
-366
-92
-393
-78
-447
-195
-154
5
-352
-239
-362
-361
-108
-144
-209
-258
-478
-189
-293
-64
-219
-147
-355
-401
-6
-135
-341
-81
-288
-489
-254
-462
-460
-332
-378
-148
-390
-24
-455
-455
-227
-12
-31
-62
-428
-362
-15
-258
-224
-455
-13
-209
-338
-136
-147
-66
-454
-325
-362
-127
-218
-408
-431
-400
-384
-161
-304
-103
-279
-314
-201
-488
-174
-224
-477
-307
-429
-67
-137
-99
-486
-213
-281
-83
-229
-121
-251
-477
-179
-163
-380
-433
-463
-497
-451
-63
-271
-165
-198
-316
-126
-128
-168
-208
-357
-373
-321
-471
-46
-311
-429
-139
-401
-238
-171
-108
-280
-483
-349
-115
-95
-481
-196
-412
-285
-335
-393
-192
-219
-111
-111
-264
-438
-19
-495
-173
7
-97
-44
-393
-231
-47
-474
-454
-128
-286
-125
-404
-490
-217
-22
-455
-56
-483
-459
-83
-7
-83
-247
-476
-40
-206
2
-270
-242
-144
-18
-116
-126
-471
-177
-26
-288
-163
-437
-394
-399
-11
-290
-49
-145
-302
-138
-293
-172
-26
-302
-345
-281
-403
-247
-382
-451
-41
-203
-465
-471
-450
-239
-308
-285
-167
-162
-96
-2
-225
2
-342
-499
-161
-458
-193
-63
-268
-172
7
-406
-3
-452
-136
-412
-102
-10
-98
-66
4
-350
-79
-445
-397
-253
-118
-209
-39
-483
-366
-67
-316
-97
-128
-46
-217
-317
-385
-204
-347
-131
-136
-96
-12
-54
-256
-157
-284
-434
-300
-343
-416
-199
-289
-392
-160
-391
7
-408
-133
-158
-254
-239
-27
-383
-258
-287
-76
-71
-233
-318
-409
-280
-26
-452
-46
-294
-460
-77
-2
-33
-134
-5
-382
-359
-484
-233
-458
-28
-470
-453
-84
-63
-471
-376
-31
-267
-443
-284
-180
-458
-291
-337
-474
-320
-438
-274
-2
-87
-141
-226
-54
-238
-422
-474
-275
-175
-269
-67
-127
-42
-468
-112
-389
-76
-292
-400
-64
-301
-31
-354
-339
-288
-333
-393
-231
-50
-300
-485
-165
-3
-241
-398
-242
-10
-109
-251
-88
-427
-69
-371
-264
-243
-347
-95
-218
-210
-198
-352
-27
-481
-143
-466
-84
-363
-223
-402
-378
-245
-98
-336
-120
-131
-206
-491
-377
-321
-76
-30
-37
-257
-417
6
-237
-46
-124
-115
-226
-383
-68
-367
-32
-383
-322
-214
-76
-95
-355
-450
-111
-459
-464
-436
-72
-71
-327
-170
-48
-201
-390
-427
-407
-269
-273
-273
-405
-234
-461
-492
-319
-239
-222
-256
-327
-138
-48
-135
-254
-192
-303
-305
-493
-460
-265
-106
-278
-47
-492
-232
-204
-104
-441
-149
-102
-485
-351
-213
-99
-442
-43
-358
-70
-53
-350
-139
-485
-313
-391
-31
-165
-15
-286
-100
-50
-229
-239
-446
-19
-248
-141
-248
-173
-446
-169
-404
-55
-487
-44
-138
-301
-293
-213
-363
-146
-14
-194
-461
-131
-302
-7
-279
-184
-243
-65
-268
-282
-452
-480
-145
3
-180
-199
-129
-257
-33
-281
-93
-226
-360
-396
-204
-246
-79
-192
-53
-140
-31
-248
-19
-21
-366
-283
9
-104
-405
-284
-301
-110
-289
-309
-264
-170
-381
-20
0
-273
-32
-481
-257
-137
-97
-385
-79
-128
-84
3
-226
-376
-196
-31
-414
-438
-223
-461
-269
-344
-14
-452
-471
-449
-278
-28
-497
-263
-152
-78
-69
-471
-13
-180
-157
-471
-35
-334
-193
-360
-405
-417
-199
-247
-43
-472
-15
-321
-488
-393
-156
-262
-440
-80
-359
6
-37
-216
-157
-459
-424
-134
-97
-213
-356
-278
-376
-217
-14
-45
7
-22
-441
-168
-134
-36
-493
-129
-380
-157
-152
-213
-453
-465
-268
-120
-493
-189
-123
-434
-404
-289
-261
-438
-126
-369
-468
-69
-1
-150
-368
-434
-258
-363
-330
-278
-148
-274
-251
-81
-202
-435
-443
-361
-395
-2
-64
-120
-373
-399
-423
-374
-256
-384
-94
-334
-165
-421
-143
-127
-136
-376
-206
-298
-273
-403
-436
-84
-135
-227
-213
-254
-150
-24
-186
-30
-204
-119
-228
-281
-270
-360
-204
-197
-149
-335
-458
-326
-384
-280
-92
-342
-384
-297
-10
-400
-74
-133
-197
-391
-383
-448
-250
-495
-363
-447
-140
-85
9
-62
-217
-474
-165
-122
-80
-402
-386
-415
-260
-116
-119
-108
-230
-437
-349
-280
-39
-85
-261
-96
-279
-56
-354
-258
-236
-121
-1
-113
-41
-130
-313
-150
-336
-35
-129
-415
-287
-429
-422
8
-374
-217
-137
-164
-86
-470
-340
-252
-486
-494
-70
-495
-485
-331
-117
-448
-295
-312
-468
-119
-166
-472
-177
-146
-262
-334
-100
-483
-444
-76
-263
-15
-54
-369
-294
-146
-339
-188
-330
-2
-220
8
-264
-18
-10
-275
-410
-491
-152
-5
-11
-82
-170
-248
-158
-150
-329
-386
-20
-110
-38
-132
-450
-228
-53
-279
-256
-58
-16
-181
-256
-30
-494
-45
-195
-262
-489
-229
-425
-269
-224
-233
-396
-181
-85
-359
-454
-135
-319
-228
-417
-52
-228
-27
-176
-499
-114
-11
-161
-222
-476
-446
-401
-63
-344
-70
-452
-81
-14
-63
-76
-352
-178
-261
-419
-448
-84
-377
-218
-136
-294
-402
-145
-366
-144
-307
-298
-71
-8
-95
-281
-448
-99
-90
-309
-459
-402
-462
-148
-244
-238
-192
-141
-477
-497
-305
-118
-283
-333
-115
-286
-123
-350
-143
-151
-173
-72
-458
-182
-408
-211
-31
-185
-383
-429
-178
-432
-317
-111
2
-201
-472
-480
-290
-244
-415
-301
-196
-293
-18
-121
-464
-469
-234
-313
-16
-201
-218
-139
-27
-332
-162
-15
-360
-197
-298
-276
-28
-316
-237
-380
-135
-251
-218
-272
-477
-333
-274
-398
-361
-334
-205
-144
-446
-443
-404
-318
-187
-134
-110
-145
-72
-344
-223
-198
-469
-364
-438
-92
-472
-355
-44
-337
-151
-446
-342
-422
-96
-145
-33
-229
-432
-27
-228
-133
-180
-53
-321
-153
-218
-7
-359
-262
-229
-382
-471
-394
-380
-175
-34
-337
-405
-317
-224
-289
-240
-88
-15
-11
-169
-386
-251
-337
-435
-118
-411
-32
-52
-336
-212
-4
-19
-443
-251
-384
-196
-269
-431
-333
-116
-331
-287
-457
-440
-491
-3
-234
-153
-396
-438
-164
-444
-313
-351
-409
4
-62
-459
-208
-447
-208
-249
-354
-7
-98
-91
-54
-455
-360
-143
-480
-353
-184
-288
-316
-85
8
-312
-458
-191
-5
-3
-68
-310
-102
-324
-368
-361
-46
-4
-127
-204
-335
-397
-197
-444
-102
-53
-298
-325
-57
-79
-152
-261
-16
-436
-336
-316
-380
-285
-181
-377
-11
-138
-408
-188
-453
2
-146
-166
-462
-350
-242
-264
-304
-407
-362
-227
-447
-217
-73
-147
-402
-293
-483
-479
-379
-351
-149
-386
9
-44
-271
-243
-56
-35
-324
-143
-293
-415
-294
-374
-16
-467
-351
-347
-311
-439
-297
-108
-372
-62
-72
-195
-389
-479
-404
-453
-374
-165
-219
-269
-157
-486
-344
-489
-442
-297
-406
-441
-161
-347
-387
-422
-436
-299
-57
-205
-434
-339
-197
-456
-227
-471
-191
-451
-220
-468
-254
-165
-404
-461
-348
-295
-19
-28
-33
-486
6
-471
-219
-117
-363
-369
-466
-172
-48
-58
-326
-20
-467
-126
-375
-64
-146
-408
-475
-283
-251
-300
-265
-447
-158
-7
-298
-296
-316
-256
-343
-176
-45
-229
-191
-358
-366
-137
-237
-2
-191
-230
-37
-163
-433
-278
-346
-241
-33
-30
-174
-194
-147
-365
-225
-425
-143
-274
-272
-203
-24
9
-393
-291
-400
-322
-456
-428
-221
-483
-338
-439
-93
-86
-387
-327
-271
-152
-30
-69
-394
-190
-468
-330
-478
-438
-251
-65
6
-206
-229
-161
-261
-118
-429
6
0
-498
-26
-389
-458
-178
-176
-316
-180
-382
-161
-169
-103
-1
-421
-258
-297
-314
-79
-264
-329
-302
-128
-476
-77
-291
-444
-122
-277
-203
-133
-425
-144
-428
-3
-95
-214
-52
-34
-345
-243
-180
-117
-121
-81
-292
-123
-89
-378
-99
-275
-466
-100
-121
-97
-229
-326
-244
-148
-432
-462
-305
-233
-51
-371
-299
-160
-98
-295
-262
-7
-7
-131
-452
-94
-6
-267
-294
-286
-95
-15
-347
-391
-189
-341
-153
-194
-339
-482
-341
-359
-445
-195
-183
-233
-396
9
-336
-171
-318
-386
-51
-352
-348
-110
-319
-71
-118
-278
-278
-176
-253
-240
-492
-336
-26
-269
-107
-221
-56
-27
-266
-56
-38
-443
-76
-43
-338
-492
-351
-41
-25
-44
-382
-91
-15
-66
-324
-280
-483
-131
-110
-111
-80
-298
-53
-496
-380
-458
-70
-436
-256
-282
-312
-63
-127
-28
-118
-240
-335
-79
-50
-462
-58
-105
-133
-240
-216
-347
-257
-25
-450
-310
-214
-65
-131
-349
-344
-295
-369
-2
-58
-145
-481
-248
-43
-36
-439
-190
-154
-97
-218
-154
-203
-297
-369
-346
-218
-35
-26
-445
-255
-153
-493
-61
-372
-317
-282
-57
-323
-265
-103
-364
-291
-363
-377
-223
-145
-448
-94
-370
-38
-36
-60
-281
-322
-449
-396
-9
-398
-201
-112
-383
-187
-41
-363
-193
-147
6
-468
-253
-211
-500
-98
-127
-429
-235
-366
-193
-262
-485
-239
-460
-456
-164
7
-232
-326
-280
-271
-191
-91
-416
-346
-116
-437
-165
-241
-303
-215
-11
-178
-426
-222
-205
-319
-142
-140
-283
-120
-315
-295
-482
-183
-110
-326
-425
-482
-326
-496
-149
-480
-335
-395
-215
-500
-158
-397
-107
-368
-41
-41
-334
-496
-80
-494
-121
-53
-79
-69
-353
-151
-452
-319
-81
-127
-50
-63
-172
-353
-498
-371
-469
-441
-464
-215
-226
-213
-61
-450
-281
-244
-387
-33
-302
-405
-94
-413
-237
-28
-140
-210
-140
-264
-407
-10
-120
-183
-116
-332
-487
-342
-169
-152
-376
-424
-471
-263
-66
-9
-143
-129
-404
-220
-56
-235
-252
-244
-185
-35
-260
-234
-450
-150
-285
-152
-31
5
-73
-7
-474
-445
-447
-149
-347
-408
-235
-407
-317
-434
-412
-111
-322
-296
-110
-270
-326
-93
-193
-431
-440
-83
-232
-424
-158
-412
7
-235
-260
-412
-117
-260
-71
-20
-377
-311
-482
-150
-385
-100
-397
-142
-28
-338
-400
-82
-269
-60
-465
-19
-345
-419
-283
-111
-463
-289
-308
-15
-453
-186
-251
-273
-430
-342
-69
-23
-403
-263
-438
-285
-25
-78
-179
-339
-131
-201
-311
-358
-210
-239
-413
-49
-384
-205
-128
-133
-328
-497
-489
-313
-87
-371
-487
-72
-269
-67
-55
-335
6
-355
-456
-34
-75
4
-339
-253
-467
-451
-330
-428
-431
0
-107
-113
-178
-195
-324
9
-86
-158
-438
-398
-83
-450
-50
-332
-154
-443
-352
-449
-246
-49
-111
-474
-384
-312
-36
-98
-141
-170
-76
-257
-226
-42
-12
-99
-474
-247
-251
-259
-297
-256
-414
-370
-276
-476
-32
-446
-490
-346
-131
-338
-489
-399
-338
-31
-103
-418
-101
-227
-19
-483
-483
-348
-301
-29
-440
-128
-233
-278
-56
-357
-241
-321
-491
-117
-281
-263
-489
-192
-437
-308
-476
-443
-328
-278
-491
-458
-320
-274
-488
-44
-332
-353
-149
-385
-459
-136
-39
-402
-298
-113
-391
-174
-381
-258
-179
-148
-323
-205
-470
-440
-210
-263
-364
-401
-1
-143
-356
-483
-189
-372
-46
-142
-200
-474
-387
-428
-258
-492
-406
-229
-87
-422
-394
-103
-20
-138
-340
-423
6
-472
-139
-402
-339
-19
-447
-487
-61
-81
-346
-101
-353
-199
-434
-119
-293
-275
-364
-466
-58
-312
-36
-426
-94
-473
-220
-142
-384
-241
-1
-399
-306
-113
-178
-252
-207
-464
-466
-42
-293
-406
-222
-68
-353
-234
-130
-35
-222
-309
-88
-240
-365
-390
-495
-291
-364
-452
-441
-378
-362
-56
-224
-345
-240
-267
-399
-90
-459
-289
-496
-100
-22
-57
-413
-377
-243
-108
-156
-128
-374
-357
-266
-245
-477
-389
-282
-347
-362
-7
-393
-350
-25
-248
-9
-397
-211
-136
-247
-292
-213
-20
-446
-343
-116
-15
-70
-9
-8
-203
-38
-417
-120
-54
-264
-18
-443
-209
-67
-58
-237
-216
-345
-230
-409
-40
-482
-488
-397
-159
-275
-499
-300
-34
-31
-137
-22
-82
-492
-217
-365
-488
3
-335
-425
-194
-378
-61
-476
-166
-315
-131
-281
-337
-95
-192
-460
-101
-400
-426
-72
-180
-188
-209
-10
-454
-197
-112
-316
-296
-94
-428
-299
-4
-144
-386
-119
-292
-312
-244
-242
-341
6
-108
-363
-460
-319
-150
-50
-370
4
-332
-49
-117
-430
-208
4
-130
-413
-36
-386
-359
-394
-363
-415
-359
-241
-337
-184
-487
-425
-314
-1
-231
-300
-349
-387
-22
-185
-162
-446
-123
-491
-48
-19
-360
-381
-402
-116
-234
-61
-385
-455
-437
-454
-139
-156
-462
-387
-468
-6
-128
-98
-440
-412
-438
-335
-277
-481
-324
-248
-338
2
-382
-453
-17
-420
-142
9
-498
-277
-492
-348
-114
-56
-226
-312
-94
-455
-495
-256
-499
-220
-34
-195
-101
-72
-189
-468
-40
-485
-361
-382
-401
6
-361
-319
-438
-449
-112
-316
-13
-406
-253
-245
-463
-391
-184
-295
-251
-268
-123
-91
-124
-120
-300
-424
-264
-200
-26
-482
2
-237
-120
-419
-437
-323
-364
-447
-73
-496
-485
-110
-1
-302
-53
-93
-316
-133
-237
-118
-426
-23
-136
-250
-322
-421
-92
-298
-452
-385
-381
-124
-9
-458
-218
-177
-157
-127
-68
-491
-128
-15
-43
-345
-128
-500
-307
-147
-109
-40
-292
-177
-165
-272
-174
-470
-440
-183
-312
-36
-184
3
-381
-406
-429
-57
-239
-351
-323
-249
-334
-9
-326
-113
-365
-111
8
-259
-199
-17
-472
-155
-473
-390
-35
-297
-377
-191
-308
-168
-26
-127
-138
-229
-91
-157
-346
-435
-76
-493
-478
-325
-204
-330
-306
-457
-93
-232
-295
-249
-120
-337
-229
-340
-344
-441
-458
-18
-30
-238
-116
-51
-332
-479
-367
-450
-393
-209
-59
-308
-446
-422
-156
-409
-277
-104
-23
-461
-206
-312
-145
-405
-47
-421
-484
-348
-171
-450
-417
-129
-33
-426
-396
-159
-393
-458
-226
-392
-23
-203
-70
-18
-396
-306
-318
-268
-457
-12
-171
-328
-343
-156
-249
-252
-63
-253
-449
-441
-125
-98
-62
-114
-435
-386
-318
-71
6
-130
-160
-346
-375
-462
-96
-359
-402
-245
-275
-262
-88
-352
-480
-342
-489
-78
-119
-118
-440
-272
-109
-472
-272
-1
-134
-147
-312
-298
-126
-310
-444
-30
-449
-233
-409
-121
-33
-273
-5
-33
-348
-78
-50
-286
-302
-46
-49
-246
-189
-54
-317
-387
-306
-147
-51
-401
-75
-312
-12
-446
-305
-355
-19
-300
-92
-54
-95
-104
-22
-403
-172
-446
-257
-414
-80
-320
-58
-362
-16
-126
-392
-316
-199
-212
-49
-135
-93
9
-216
-117
-152
-341
-45
-312
-205
-58
-427
-283
-138
-127
-420
-364
-394
-268
-39
-76
-363
-387
-329
-223
-94
-244
-246
-360
-4
-171
-399
-162
-456
-117
-92
-45
-400
-41
-64
-133
-273
-132
-395
-295
-44
-110
-112
-6
-103
-288
-317
-382
-29
-272
-219
-227
-45
-120
-288
-444
-373
9
-47
-98
-352
-418
-414
-331
-359
-314
-383
-437
-382
-302
-225
-129
-412
-373
-371
-92
-392
-181
-137
-421
-89
-117
-308
-284
-339
-95
-125
-48
-183
-281
-495
-430
-149
-95
-43
-404
-462
-16
-55
-177
-54
-141
-363
-399
-290
-424
-206
-115
-253
-139
-268
-428
-457
2
-6
-400
-220
-214
-156
-417
-339
-453
-199
-482
-459
-284
-384
-14
-291
-255
-227
-362
-177
-250
-329
-264
-355
-344
-403
-25
-51
-137
-298
-267
-83
-105
-348
-98
-399
-187
-446
-313
-482
-172
-144
-126
-163
-125
-471
-345
7
-222
-73
-194
-466
-418
-310
-397
-89
-201
4
-4
-77
-329
-402
-14
-390
-33
-70
-249
-268
-332
-299
-191
-22
-103
-305
-328
-414
-325
7
-168
-91
-412
-107
-80
-12
-241
-468
-485
-167
-200
-281
-42
-143
-84
-500
-83
-243
-128
-173
-416
-243
-70
-170
-317
-25
-439
-104
-300
-245
-462
-110
-259
-275
-213
-3
-414
-387
-315
-81
-167
-446
-130
-133
-203
-162
-154
-292
-154
-343
-484
-176
-285
-79
-226
-96
-357
-80
-2
-68
-493
-294
-422
-127
-159
-410
-318
-500
-314
-479
-259
-1
-380
-327
-202
-166
-441
-112
-429
-400
-464
-359
-299
-468
-179
-144
-356
-398
-336
-123
-101
-275
-73
-103
-138
-130
-343
-45
-91
-410
-216
-199
-102
-189
-427
-446
9
-56
-208
-483
-20
-350
-60
-381
-41
-122
-447
-25
-251
-475
-58
-341
-253
5
-271
-243
-346
-27
-126
-155
-447
-277
-310
-130
-461
-220
-294
-114
-415
-239
-308
-44
-262
-395
-361
-498
-337
-127
-175
-227
-483
-472
-88
-496
-299
-431
-225
-439
-57
-428
-242
-44
-199
-140
-371
-65
-325
-466
-484
-145
-431
-486
-60
-183
-65
-44
-418
-296
-397
-465
-366
-389
-56
9
-2
-403
-47
-134
-388
-494
-445
-289
-322
-247
-68
-95
-401
-166
-256
-31
-76
-24
-474
-204
-60
-244
-84
-311
-26
-452
-479
-231
-382
-23
-285
-8
-466
-120
-308
-473
-405
-245
-299
-471
-206
-110
-314
-445
-209
-304
-343
-245
-90
-292
-378
-318
-370
-230
-481
-180
4
-227
-282
-190
-305
-434
-247
-196
-58
-18
-331
-136
-99
-480
-118
-115
-131
-395
-312
-405
-487
-437
-284
-297
-75
-213
-98
-16
-3
-432
-164
-152
-34
-40
-413
-360
-237
-5
-482
-25
-481
-128
-343
-77
-251
-415
-336
-396
-406
-170
-488
-179
-153
-12
-111
-392
-249
-299
-73
-238
-310
-496
0
-210
-84
-341
-469
-4
1
-427
-491
-472
-453
-134
-219
-203
-149
-234
-352
-64
-57
-19
-126
-373
-340
-206
-64
-218
-253
-150
-57
-247
-295
-23
-29
-377
-44
-247
-197
-355
-439
-445
-298
-264
-259
-10
-368
-194
-173
-406
-256
-42
-430
-440
-177
-36
-322
-239
-152
-255
-49
-293
-213
-185
-4
-375
-338
-283
-108
-359
-164
-476
-97
-385
-255
-153
-183
-7
-248
4
-316
-187
-452
-5
-347
-9
-272
-319
-290
-355
-379
-322
-440
-119
-265
-349
-331
-246
-305
-178
-472
-189
-262
-157
-430
-161
-367
-447
-206
-1
-104
-432
-423
-51
-78
-306
-192
-104
-478
-313
-188
-421
-333
-418
-387
-52
-127
-222
-265
-87
-439
-12
-322
-426
-412
-363
-307
-189
-351
-73
-356
-361
-181
-309
-207
-230
-110
-316
-404
-216
-173
-183
-447
-327
-346
-143
-363
-10
-336
-192
-251
-487
-360
-11
-204
-471
-434
-57
-42
-176
-148
-328
-380
-200
-16
-261
-161
-441
-214
-39
-403
-318
-149
-60
-284
-7
-396
-454
-451
-350
-5
-403
-481
-384
-184
-169
-300
-331
-306
-154
-277
-392
-4
-158
-63
-139
-470
-214
-97
-425
-293
-1
-452
-277
-332
-19
-298
-402
-324
-403
-120
-87
-104
-167
-386
-9
-81
-86
-1
-67
-487
-401
-410
-442
-446
-463
-48
-7
-138
-486
-156
-7
-458
-124
-273
-289
-72
-347
-217
-43
-120
-360
-212
-420
-256
-48
-233
-471
-275
-363
7
-58
-475
-422
-465
-377
-269
-355
-433
-465
-277
-220
-377
-316
-20
-93
-421
-401
-355
-351
-461
-372
-193
-124
-15
-206
-27
-91
-500
-5
-30
-63
-370
-213
-446
-357
-305
-500
-127
-5
-7
-134
-19
-435
-361
-308
-436
-21
-99
-85
-69
1
-445
-422
-161
-85
-400
-166
-385
-446
-209
-12
-348
-100
-418
-295
-135
-148
-126
-254
-435
-178
-73
-117
-57
-276
-326
-473
-166
-434
-416
-12
-115
-410
-395
-51
-283
-456
-465
-17
-289
-223
-425
-306
-299
-347
-277
-420
-193
-374
-135
-82
-433
-86
-27
-153
-265
-342
-318
-70
-177
-30
-364
-311
-232
-261
-336
-322
-393
-223
-7
-493
-92
-395
-133
-32
-497
-182
-17
-460
-325
-301
-191
-311
-268
-96
-58
-32
-20
-212
-374
-212
3
-321
-210
-55
-98
-361
-457
-378
-146
-103
-431
-402
-373
-74
-312
-163
-55
-287
-243
-101
-284
-491
-412
-8
-73
-75
-160
-463
-489
-50
-366
5
-254
-218
-213
-468
-15
-206
-52
-416
-40
-268
-413
-364
-376
-338
-210
-433
2
-37
-440
-225
-154
-255
-361
-388
-17
-364
-372
-143
-347
-8
-458
-230
-494
-214
-428
-5
-281
-446
-206
-454
-155
-119
-108
-64
-21
-332
-6
-318
-343
-209
-164
-229
-114
-375
-485
-358
-406
-498
-92
-341
-183
-394
-106
-365
-122
-99
-257
-39
-136
-220
-158
-368
-18
-450
-338
-457
-336
-337
-447
-287
-169
-336
-458
-107
-177
-459
-463
-400
-75
-78
-16
-89
-345
-265
-119
-301
-476
-396
-287
-410
-197
8
-191
-22
-407
-406
-378
-431
-459
-314
-211
-433
-199
-480
-294
-205
-479
-288
-53
-102
-460
-47
-351
-310
-128
-304
-430
-361
-209
-464
-98
-486
-75
-28
-40
-52
-216
-360
-180
-68
-190
-112
-287
-142
-133
-322
-294
-307
-75
-142
-291
-391
-120
-303
-154
-334
-399
-17
-143
-74
-114
-140
-270
-352
-461
-224
-119
-239
-401
-35
-221
-469
-287
-330
-330
-77
-20
-187
-63
-126
-128
-131
-259
-300
-268
-213
-420
-339
-34
-62
1
-133
-354
-415
-376
-299
-428
-317
-140
