169
128
168
154
161
118
161
188
199
143
132
178
135
108
190
154
128
145
122
153
187
101
171
111
137
134
159
100
110
114
155
113
129
163
149
112
182
156
161
138
150
125
151
127
180
163
137
134
144
184
148
143
176
176
133
195
138
122
172
112
197
139
135
147
141
110
172
172
181
117
140
184
165
114
124
124
119
104
154
143
186
121
150
169
182
196
109
151
111
101
135
191
123
190
177
161
128
143
130
188
199
151
112
113
162
164
153
117
158
137
152
134
128
107
119
163
117
139
181
161
145
134
138
152
153
179
184
102
114
129
109
141
175
126
185
113
173
152
103
176
181
139
102
104
192
151
103
166
127
164
161
157
159
107
193
127
179
109
186
116
133
189
170
184
107
108
172
192
180
170
158
132
101
182
111
191
173
103
130
182
180
114
126
126
117
176
186
114
103
143
142
175
150
131
135
196
142
144
193
161
122
146
